$ANSIBLE_VAULT;1.1;AES256
66383465656132366164386564346536613163623061616634623235636430643736626163346164
3534633335343365313263663430376335343439323764650a323233616431626235336536353639
66343635333864336663313436353131346539663738386134366634653634356163353033613032
6437313436336361390a363436343538373963343132313435643434363739613139383165303230
34383039303431633237643464306361653930353131323931326432396466613535633862303333
33366432643563356434316463343436396236313332326236353432366239663032383930353631
38383136383339353135346238356631363330643634666562323232383933333161666236623465
61313439303235643430393137623337323363313633393261316331356236306432386434643261
31376663653233663532653537333461323065623138623433666362666666366431313665366565
35333738313236396264396164333064633366663337313763663133613762366162316536666437
62313931613530393161343231383963613061336332303633363530376130326562313432313937
35613463393134383739346363643532386161613866613661623331333431396564613362363764
37353639363635326561363666646337303731303665623366373664646536346338656261636465
32353063633239366138656330333232616566303865333735363832363134373363656339323930
62646464326535663862633839326635643033613563623766336338383535323736333633383339
62366461356538376633353736366662613332633561626335646264373061643238636436626432
31366535386439636562623562343630383930306131323131306365643464363531663334633864
32313766666137636362393031383638326135366631616230323463366233373332353731386531
61383332346230663534353234396136313134323366313037616533333232363839626130366334
65636534346632626664396466363031316163386665653132393636613562633633303637366637
64656435373935653837396564373964663138343261613139366230666139333833663764346433
62386234623961616535646663626334303139363562346430393632363563376162373239376439
33383534316339343862316262626665373531653735306465656438383163383232363831653263
31323632623332653530376239636638376663623136626332396466666532623835346637613664
32383532663263663639303164623637643362356233343566653133323532653266323235643339
34653133626136633530303837393263356631356239396336383339393737623730393731376462
31396632303232303237373364613764376232333134666263613463326633306534346634373962
64613365636566356139353034616666353062383339623535643366383861383463336130373931
35303861353563613238353264316333613930303538313462393337363861636163386166393865
37393436656235383364366537323866303936633462303932333862653662626233303738323266
34363662663562306530323336336431343232633063623639353933383931363532363230656263
38643338316562393938383631343936613035306335653731373834613764363238356235373832
38653161363636366430623532643535376531323161643839383733616137393339633735643364
63666665306534663861636162646631353563636330633332323262616165653537366133366464
38653538303232303339633730373338376536316538333931666362306464363763306331623061
37373963653337343366363431653661353664313661363637336437363237313730396332666336
65313761326432643934613738623536646237373734366332616162323538643538353738396165
65643032343466386433626230376266336166653337366662663637656637616230383166306666
64353437646265653533643364326131623034366634343563633564616632366132353138643036
66376637316564363933316135386236353435663731623332653531646434336630613163323336
32383866353962393265353135353663313038346265613633633862363162616335333138363330
33646632646665653534373663303732356262323430336237383263323337323834353035346635
62663865623334356234613765313866643535396165613865336166346237303266376339663536
36353433376534373237333664353235393635653931613433646137376435386436653034666135
35663364366236653864633036333539623263376536616536613364393732373432353233346337
36633064623031346133313764306533643439653931613963636438613862663463643036626239
64343139616361376635303763613537636630383734623666633362633564363535333565613932
37623634386465346365326464383734373736383165613537653764373963663165313532333632
65306162363863333366376338653536376533626665396664613666646634316139316237346136
35613533393339666665376430646531323936373332363363353164353761363962346436633536
39323935393662323538633237306163303437653762633631333063626136356235633034353032
61373135363739303538303535666236313536343962353764303731663938346435666464333264
33333836343261313064663064303537363434643563663961363633356264303561363230306336
30663863646466313239386264383133626432306632336465313330396234303665323164303232
64373739326234396339323231303532616332323333333631366362386665396661613431633034
64356539643439653438666239333963356134396432373266396431373165656565643432653033
64313564613664363463356634323831646130653137653265316234313563666339396566326166
38333164343365393630623730386361386232313739613961396661303562653033326237363837
31656661666263666439636664326634346662663530363865613964386261366161313830383234
37336134326539336435363066303665386138316630653861373165623863616535323838623932
32356631623030393665343261326139343430643766333339363236353932636166363439383937
66363965626137326436336130373035336664346364616436353339353738613833353733626235
65623965373036343633376631333930383662323463313338343963356530396634636238636232
37306531356636376366646333386463656535376134333932343433393731393632666338623037
64633965306335363964363362316232313735623161623632386232343635333538383738333162
62366366346230363235366533653130306661303866626464366133346530333538623335326232
64333931336133393264343030633662346235323061623533393463346136396235653236343165
64313834663431373434353730353133383838356434323636636635373561366633313139623365
63306666663336323131633462313239363632656132363436666134653537303437386563633438
33303338363635323263663461393334663837316463333336333339386566326236393738623465
61613663346565343035633631343237393432613566386330383264366362363061623263353736
66373334363630623365306662333032656139393162303531623039363465376465363530376234
64366530346435653134633134636464386332393432353065623565386535356464303265346436
31306466653031393963623331393263623039373462646437353334323136313366663539626337
35373563373233323236333161316434373065643730323930333333346465313434663364343962
63336166323834323465353030376131336530333466346230613336346165613565663135653430
63313138313862636632393439643863313534353239313036366565383039643738363231643663
65613665636234303562306666373637303636396463613665346138383062636134383539613330
33613931383965316431626166633831616463656434653339356636616231383963653739333762
61333632373136353531313966636161303139356335633866363861336439373164633736646232
30373461356437396631663138346534383136313862303864623432386332613135363238613439
38306265663639343131343232643133623538336561666334323861633631626138333038306230
36383035623463356365316566623733313033316331316163376566626266373731326235396335
65646164626565653763346531623936343332366435343365393264653231346332343737313735
31666239376436376130356266393536393534326662336466393633356439373831346361656438
33383763323732353839333731613331373332373735636330303062353362383832653663626439
37666464306539613762393637666236613633303533323136393332333335633233643437306538
34656464356661333336
